w1 = array([ 1.0631, 0.8464, 0.5912, -0.3214, -0.5794, -0.1384, -0.6237, 0.0213, 0.6813,
             -0.4712, -1.2451, 1.2612, 0.3412, 0.7214, 0.9441, 0.2713, 0.6212, 1.4631,
            1.2314, 0.6934, -1.2435, 1.1681, -1.3414, 0.8126, -0.3341, -0.1314, 0.7012
])


w2 = array([1.4142, 1.4631, 1.0431, -0.5316,
           -1.4167, 0.9214, -0.4761, 0.2914,
           -0.8124, -0.8134, -0.0712, 0.5431,
           0.1931, -0.2214, 0.2031, 0.2361,
           -1.0141, -0.2314, 0.6541, 1.3041,
           -0.8141, -0.5041, -0.1361, 0.7891,
           -0.3762, -1.0561, -0.0671, 0.3281,
           0.3913, 0.1721, 1.0421, -0.7682,
           -0.0134. -0.9631, 0.0714, 0.8841,
           0.6571, -0.3281, -0.0314, -0.3451])
